TeamBots 2.0e (c)2000 Tucker Balch, CMU and GTRC
1794
maxtimestep statement read, treated as timestep
shot: 0.9420974187928158
shot: 0.8014870020843635
shot: 0.7
shot: 0.7
shot: 0.4896939881216603
shot: 0.4431120485251757
shot: 0.36791735983073703
shot: 0.28971000057177554
shot: 0.1379733595060778
shot: 0.7
shot: 0.7
shot: 3.5
0 1
shot: 0.7
shot: 0.26250960183847405
shot: 0.06941753805120254
shot: 0.7
shot: 0.5312664563495788
shot: 0.7
shot: 0.7
 trial number	: -1 (counts down)
 sim time    	: 600000 milliseconds
 timestep 		: 50 milliseconds
 timeout      	: 600000 milliseconds
 frames/second	: 16350.136239782016
 free memory	: 91570304
 total memory	: 161480704
 os.name	: Mac OS X
 os.version	: 14.2
 os.arch	: aarch64
 java.version	: 17.0.8.1

