TeamBots 2.0e (c)2000 Tucker Balch, CMU and GTRC
1794
maxtimestep statement read, treated as timestep
shot: 0.7
0 1
shot: 0.7
shot: 0.7
shot: 0.7
shot: 0.7
shot: 0.9491457737036189
shot: 0.23549465715218498
shot: 0.8500265747536112
shot: 0.5722488633764835
shot: 0.27310610694798065
 trial number	: -1 (counts down)
 sim time    	: 600000 milliseconds
 timestep 		: 50 milliseconds
 timeout      	: 600000 milliseconds
 frames/second	: 12501.041666666666
 free memory	: 107343816
 total memory	: 136314880
 os.name	: Mac OS X
 os.version	: 14.3
 os.arch	: aarch64
 java.version	: 21.0.1

