TeamBots 2.0e (c)2000 Tucker Balch, CMU and GTRC
1779
maxtimestep statement read, treated as timestep
shot: 0.7
shot: 0.7
0 1
shot: 0.7
0 2
shot: 0.6157497175343659
shot: 0.12444942706462159
shot: 0.7
0 3
shot: 0.7
shot: 0.7
0 4
shot: 0.7373434877828303
shot: 0.7
shot: 0.7
shot: 0.7
shot: 0.7
0 5
shot: 0.7
shot: 0.7
shot: 0.7
shot: 0.7
shot: 3.5
0 6
 trial number	: -1 (counts down)
 sim time    	: 600000 milliseconds
 timestep 		: 50 milliseconds
 timeout      	: 600000 milliseconds
 frames/second	: 21820.0
 free memory	: 125296728
 total memory	: 136314880
 os.name	: Mac OS X
 os.version	: 14.2
 os.arch	: aarch64
 java.version	: 17.0.9

