TeamBots 2.0e (c)2000 Tucker Balch, CMU and GTRC
1789
maxtimestep statement read, treated as timestep
shot: 0.7
shot: 0.7
shot: 0.7
shot: 0.7
shot: 0.7
shot: 3.5
1 0
shot: 0.13398246143803638
shot: 0.7
shot: 0.7
shot: 0.7
shot: 0.7
shot: 0.7
shot: 0.09617466491803373
shot: 0.15350131649479937
shot: 0.7
 trial number	: -1 (counts down)
 sim time    	: 600000 milliseconds
 timestep 		: 50 milliseconds
 timeout      	: 600000 milliseconds
 frames/second	: 18073.795180722893
 free memory	: 103776696
 total memory	: 136314880
 os.name	: Mac OS X
 os.version	: 14.2
 os.arch	: aarch64
 java.version	: 17.0.9

