TeamBots 2.0e (c)2000 Tucker Balch, CMU and GTRC
1784
maxtimestep statement read, treated as timestep
shot: 0.7
shot: 0.7
shot: 0.7
shot: 0.7
shot: 3.5
1 0
shot: 0.2070129997273601
shot: 0.5309832751735701
shot: 0.7
2 0
3 0
shot: 0.581905117504218
shot: 0.4821353904500828
shot: 0.7
4 0
5 0
shot: 0.5858500990246422
shot: 0.7
shot: 0.7
shot: 0.7
6 0
shot: 0.48129302274723584
shot: 0.5392869975209139
shot: 0.7
 trial number	: -1 (counts down)
 sim time    	: 600000 milliseconds
 timestep 		: 50 milliseconds
 timeout      	: 600000 milliseconds
 frames/second	: 17267.625899280574
 free memory	: 63259936
 total memory	: 134217728
 os.name	: Mac OS X
 os.version	: 14.2
 os.arch	: aarch64
 java.version	: 17.0.8.1

