TeamBots 2.0e (c)2000 Tucker Balch, CMU and GTRC
1814
maxtimestep statement read, treated as timestep
shot: 0.7
shot: 0.7
shot: 0.7
shot: 0.7
shot: 3.5
0 1
score: -1
score: -1
score: -1
score: -1
score: -1
shot: 0.7
shot: 0.39288227139526843
shot: 0.2850196441518986
0 2
score: -1
score: -1
score: -1
score: -1
score: -1
 trial number	: -1 (counts down)
 sim time    	: 600000 milliseconds
 timestep 		: 50 milliseconds
 timeout      	: 600000 milliseconds
 frames/second	: 14834.363411619282
 free memory	: 75897952
 total memory	: 136314880
 os.name	: Mac OS X
 os.version	: 14.3
 os.arch	: aarch64
 java.version	: 21.0.1

